#  country     1    2    3    4    5    6    7    8    9   10   11     tot
--------------------------------------------------------------------------
1  Fin       299  287  447  444  484  368  255  315  320   90         3309
2  Pol       314  333  253  195  223  236  160  195  170        80    2159
3  Swe       100  107   75   96  118  101  158  148  183  100   90    1276
4  Ger        26   50   62   45   95  119  115  140   53   80          785
5  Can        37   25    9   60   20   25   75   55   40   85  100     531
6  Den        11    7    6   23   11   66   91   35   80   75   85     490
7  Nor        90   85  110                           125               410
8  Aut        13   23   19   65   40   95   65   40                    360
9  Aus        79   80   11   30   35   30                              265
10 Ned         1   19    4   25   23        30        17               119
11 Eng        85        30                                             115
12 Fra                             6    6   19   21   33                85
13 Spa              9                                 19                28
14 Lat         6   21                                                   27
15 Hun                  25                                              25
16 Cze                   2                                               2
