position team            1    2    3    4    5    6    7    8    9   10   11     tot
------------------------------------------------------------------------------------
1  (1)   [AC]          180  155  165  145  170  160  190  150  175  190    90   1770
2  (2)   [MAN]          15   90  265  190  260  211  165   60  220              1476
3  (3)   [FaF]         125  120  115   90   90   93   90   65  110               898
4  (4)   [LaMe]         60  109   57   72   69  104   21   35  150   75    85    837
5  (6)   [HHIT]         37   25    9   60   15   25   75   55   40   85   100    526
6  (5)   [FC]           90   70   73   50   65   80   45                         473
7  (6)   [CF]           65  100   35   85   70   65                              420
8  (7)   [.]            23        34   80   55   17       175                    384
9  (8)   [kt]           13   23   19   65   40   95   65   40                    360
10 (9)   [MK]            7   64    4   46   30    7   88   55   57               358
11 (11)  [ICE]         140   85  100                                             325
12 (12)  [APC]          74  113    7   40   34   50                              318
13 (13)  [FRC]           7        80   15   25   13   25   45   25         80    315
14 (14)  [arcao]                                           23   72                95
15 (15)  [SHF]                               6    6   19   21   33                85
16 (16)  [EMA]                                   11   70                          81
17 (17)  [AA]           60                                                        60
18 (18)  [TAH]                                                  55                55
19 (19)  [EC]                45                                                   45
20 (20)  [GF]                                                   35                35
21 (21)  [Ook!]         25                                                        25
21 (21)  [EK]                     25                                              25
23 (23)  [rotaplask]    17                                                        17
24 (24)  [TFK]               11              5                                    16
25 (25)  [TAP]                                                  15                15
26 (26)  [VC]                      3                                               3
